Eigvals	24
0.6788208987935155	0.42086630985410867	0.23372506786245825	0.19134884973352795	0.1645241167320032	0.1393942755878746	0.1189072701306181	0.1102669768602754	0.10828258225179628	0.09880163842147534	0.07331642375979125	0.0658767055541637	0.06326939476725996	0.05476999489154294	0.04954268199722714	0.04360843116130689	0.035278207992393465	0.028758221456724728	0.023021345313603277	0.01928684189115035	0.015455999844960365	0.009110444176858997	0.0057085096119927695	0.0

Proportion explained	24
0.24666984221685032	0.1529343401633832	0.08493098211063202	0.06953231795902985	0.05978475027401082	0.050653072152471036	0.04320850700631987	0.04006879845949882	0.03934770942726735	0.03590252539883121	0.026641711698732695	0.023938267949163934	0.022990823724098216	0.019902312999093615	0.018002812778710443	0.015846425549069593	0.012819390231861334	0.01045015844647017	0.008365493204789342	0.007008449879205225	0.005616399038150026	0.003310551916750591	0.0020743574156103766	0.0

Species	0	0

Site	24	24
IE5	-0.21359553126730557	0.046547141910178294	0.14186650247237897	-0.001817289689980381	0.03658654535626657	-0.02920294466706266	0.009158713763816575	-0.0752140925037502	0.028036687064190807	-0.06571347602302101	-0.03631298398639032	0.008456901732660635	-0.0289327277953129	0.015812055586810102	0.02176651143072807	-0.013954841764589582	0.05485373776585936	-0.025342946146195214	-0.028500241093229003	-0.06932801275633164	-0.05601320236099143	0.012881635950055622	0.010249558176739565	-0.0
HE4	0.18948614302217795	0.044698492700195366	0.0836865301876005	-0.024076644758616244	0.09263740455915905	0.08730561787674129	0.0481556220840424	-0.059939446960509374	0.003674344375125651	0.029730452860226277	0.10918661968207029	-0.03729399506036737	-0.08146593223012313	0.09607388252543292	-0.03226824203106288	0.006657681242310702	-0.05767732484346485	0.022168824841484493	-0.01557411148585401	-0.034209330243867825	0.018488069691746038	-0.004224295018124934	-0.008892366201889218	-0.0
HE5	0.036287715749926314	0.15983372482033806	0.09394323986666564	0.028077983756473256	0.0017881085195838714	0.05544973871824141	0.00131874519771789	-0.02229646289302467	0.06942283458202587	0.07185205384358499	0.0274247237733126	-0.01971030177662954	-0.03737981180372051	-0.02661565515022742	-0.04064475120736563	-0.037462417552972666	0.06782172797584919	-0.0387332238753454	-0.021686430164385966	0.058039550231636844	0.029018593202372763	0.025050980540730378	0.025369325725783622	-0.0
HE7	0.09794121981558776	0.10011131797354024	0.09897364641044346	-0.015182193992780863	-0.007040060556645984	0.0754645183724286	-0.0717020163782645	0.013841518133685555	0.06640196080953369	-0.04837130354178121	-0.00423317469584098	0.10918884577924488	-0.029176331119064678	-0.04157663244416273	0.0676232393477553	0.0006997695527993317	-0.06536272077518608	0.05105829769196798	0.042486661870538504	0.014304221222002558	-0.015300758159275282	0.006260391123644715	0.022409097602321345	-0.0
HE1	0.1637794683845481	0.012153411155231884	0.06675190167553874	-0.13249288607978416	-0.001146743029823243	0.05134441542501367	-0.019311733003765614	-0.052911319574998714	-0.031900666509490534	-0.0074578254485107385	0.016581290666410592	-0.03182253351998102	0.05594366977886498	0.009170903121855107	0.012128077456238852	0.018848958822037486	-0.02017717522766389	-0.09691320329101352	0.039521627394293136	0.03793135116927928	-0.04438648821328239	-0.0160612882628389	-0.01365276303678605	-0.0
HE2	0.06545809568880431	0.007155787870909946	0.07934117284539632	-0.07632275560248789	-0.05663471373937573	0.09244152790119387	-0.11433213099779445	0.11718371669365993	0.043680937741877986	-0.004396081611791947	-0.018296135036438798	-0.053441044139248536	0.12199524211765196	0.013394908177979285	0.005838191856304435	-0.05749699195878576	-0.003335497337367157	0.02419259083987286	-0.05503863501303346	-0.022955965848659016	0.011091853321464725	-0.005158641620557454	-0.0067845149166215245	-0.0
IE3	-0.07742868530094939	0.13156722422251044	0.11504314927916341	0.06861871690764594	-0.09783060391132611	-0.08806207010151228	-0.034289754607125404	-0.02709446784827191	-0.001952659312828856	0.06004635381156333	-0.03580185143705283	-0.06320353527923393	0.031369810671125625	0.030403351814947827	0.008055108600047043	0.008282222379789289	0.011918323964172136	0.015242485392316282	0.0909380798688974	-0.028448090853589892	0.03399877975185613	0.016970161652749245	-0.012446954766662613	-0.0
IE2	-0.21634322043276072	0.0036966493128374944	0.13082763301033978	0.09141847847760878	0.026610880104542718	0.0057723449737968995	0.05785970114040593	-0.06320977213264332	-0.0864829872803249	0.0029492558684673102	-0.004261820163269922	0.05129277292932642	0.059151766421898046	-0.07045967610502682	0.03249639159369206	0.03967739851140424	-0.04606767070892001	-0.035425733156486415	-0.03976335283452463	-0.007438308662552971	0.05176949670706439	-0.019574180122107675	0.00013168416395572865	-0.0
HE8	0.39154741973467844	-0.14922304180940754	0.025348131535830404	0.021685546167922364	0.015878336545211834	-0.04919300566536165	0.011156153622127806	0.09441751312180727	-0.0008909568622863281	-0.10870828785797415	0.0006237545629269811	-0.011215556655705559	-0.0213147604360164	0.010881931881860709	0.055541968655064375	0.09372224860987564	0.06126418871583683	-0.015438641130673525	-0.005337099122775863	-0.006971499396813156	0.02841210246699489	0.0068037512077512175	0.004321954919516764	-0.0
IE7	-0.13257101053898981	-0.12784448041044671	0.1520545437164597	0.02748707092970272	0.03872105686649886	0.10299310624330577	0.1005812706371048	0.11702603797807809	-0.06881170524160181	0.009174409771152412	-0.02095009143316076	-0.00566023826820096	-0.041865130273759175	-0.04591704762713788	-0.05210582243158744	-0.008143540919359444	0.04641741682835987	0.04583203941241408	0.030585123977251775	0.01743387946697849	-0.02246772583471697	-0.02254153596866024	-0.01580006747975163	-0.0
HA8	0.19508946160979232	0.055583223516035465	-0.1582200040374525	-0.042976219029501266	-0.06859525365900569	0.01322156891221418	-0.005510000998689896	-0.038080520601032064	-0.0429341284456556	0.020658315029710276	0.11027736714236787	0.03558126271280022	0.025239117156285185	-0.11464631082131793	-0.045468629352730765	-0.01529282239450008	0.03984926460470609	0.005196132089876347	0.01991944115987439	-0.05538954241152682	-0.002373745128429718	-0.007593704494664235	0.003684382656093754	-0.0
IA9	-0.1373914038939968	0.061639981499809315	-0.034732822962275464	0.09192070552188568	-0.1759504704939389	-0.07427677335983374	-0.085361429241124	0.09353056012026996	-0.05541570988204857	0.041363928234375305	0.07105575204442942	-0.005665498822183236	-0.10582502777313996	0.016320234998416266	0.055779998971124664	-0.012721372109234737	-0.012849237899684417	-0.025619026171848046	-0.028202357292011353	0.011529032805301395	-0.017889155428394452	-0.019394865375414114	-0.007351912095810489	-0.0
IA8	-0.01475213958518051	-0.20351949915084458	-0.11561563086489886	-0.03408543448609531	-0.1857457788931414	0.15599279853328898	-0.009684823210382469	-0.12696546286011384	0.01797102265597474	-0.0028158020206991486	-0.11020736050585546	0.0031043126447338663	-0.05839033082221231	0.011524738755969002	-0.0030291176621000753	0.017685392463593148	0.00667396324663686	0.0052705165880149	-0.010831465502593816	0.00044829223348829324	0.015725836884925615	0.0013851827296703862	-0.007165066288233106	-0.0
IA5	-0.1573976734553364	-0.19968952603669082	-0.1491535440943714	0.10417563975124527	0.16309975851958283	0.08688447430418172	-0.04601004508270439	0.05801223753051329	0.05979097386794131	0.1156785892537426	0.022111812468605347	0.043726900427244995	0.02104949079209378	0.017064822774939505	0.047824292122657666	0.00015744161291549952	0.006645891551433139	-0.03678323611617195	0.021651524605372806	-0.016628324112870102	-0.002338373392900905	0.021408470319925592	-0.009170157531067116	-0.0
HA1	0.03122827257553089	0.22346276251877434	-0.09073287733888255	0.01892186344429771	0.06027834796735197	-0.014421929789556021	-0.014785546272357225	-0.013696882664880707	0.013873320988038009	0.10325128673333848	-0.056181651752370054	-0.06470027435411825	0.016249913848289093	-0.03350527271313631	-0.004598110164969084	0.1167603103695904	-0.006788293795662978	0.04720197385199651	-0.034207060012487876	0.011208423797469757	-0.03580736484961022	-0.00293418619413169	0.00032874044807030075	-0.0
IA7	-0.21675490179815501	-0.048068938721906616	-0.061635591492406716	0.04924653895926318	-0.08884897188037916	0.019452934122199932	0.08697877580690727	-0.012444897375084493	-0.02950116282054946	-0.10472794412511229	0.10479748732557755	-0.023905170325318442	0.07541584132096762	0.027777717088547742	-0.005583444829281923	0.02251454454382683	-0.015373328656957655	0.03211966553285881	-0.006625344539954116	0.03298532575225549	-0.019626673867080537	0.04470639555370583	-0.00039602971157218095	-0.0
HA5	0.00688820012133624	0.18154496587885396	-0.10772384111324766	0.06349959321045258	0.009567921159673875	0.0007780788075684648	0.03825376137595839	-0.023589472395576974	-0.004261368457383666	-0.023488384750806935	-0.014191877803327839	0.09787322237776247	0.06111483553700862	0.12030613027503959	-0.003176228830380214	-0.015006858732068341	0.05631778403496524	0.01706163684504472	0.007188560861377888	0.01674787122050475	0.004192237839725931	-0.040990142832972615	0.006028754414878305	-0.0
IA3	-0.04646836164361898	-0.035528169365816535	-0.0027135614029464416	-0.16766293415947187	-0.08561389956443269	-0.10068577244080823	0.12313555070348157	0.11441534382071204	0.062208377603184914	0.07346348145760573	-0.03737326353698129	0.07803685085411796	0.0016207848795403586	0.02717128745817491	-0.06605535214495314	0.02477092150558349	-0.04298539229607125	-0.028918519768725174	-0.005009853782627532	-0.015802106442052245	0.0015721875064158752	0.011193017621946882	0.009184808399977618	-0.0
IA2	-0.15662068495686	-0.0864499759848777	-0.07278339664136978	-0.16819597967477457	0.049791196504140094	-0.08138745277294152	0.09721534520650446	-0.03894493005449978	0.08590766099024041	0.0074659866172779275	0.027151473516924225	-0.08074806220748007	-0.010712113196137421	-0.027679921184412606	0.10107905391444545	-0.04300876897096126	0.010637837871633702	0.02920088716540603	0.00828136446544696	0.014016506927731289	0.01577525046263227	-0.02448937019912786	0.006738845982070957	-0.0
IE9	0.27859500163821355	-0.24272677079536156	0.05130010197789998	0.20049771613916453	-0.012972981573633996	-0.13655358275212162	0.014069986659445465	-0.06948619455093072	0.09403020816303566	0.020727296030095026	-0.01345649465710715	-0.002726422035827998	0.028812762880340487	-0.01911664855749173	-0.040327776547957724	-0.04800847739090346	-0.03113590129491267	0.012826241752552037	-0.01323977651438967	0.01488803370597469	-0.025294985657303405	-0.010735881249165533	-0.0033817247413518913	-0.0
IE8	-0.027672450003723394	-0.1889403358388074	0.036470914649223904	-0.14278852407006307	0.080839754378788	-0.1099411738606476	-0.1403797785930789	-0.05809720764045907	-0.16077222262526378	0.046456569440733037	-0.0005536234737441816	0.04274321327877301	-0.002927592224311685	0.028135199372157412	-0.021445776281745092	-0.008136126858093062	0.0175063480512047	0.03801852475388885	-0.010426532855859217	0.0230576506391318	0.0042223090669470265	0.014414687269896727	0.006963761384901326	-0.0
IA4	-0.2469930974111522	-0.03730672425681802	-0.09131989929154648	0.026948185400173755	0.06996682518896145	-0.013636810131544845	-0.111864225157	0.031166311182738684	0.044063200273227215	-0.12320602055719075	-0.00713060536966763	-0.06462395432840184	-0.023419698317489378	-0.00500391137163919	-0.09794923227970416	0.02161714677522915	-0.03331970660511465	-0.022843686399331195	0.024726959652947206	-0.0033540515989355646	0.014790559217915595	-0.02246081600619842	0.022041673902321052	-0.0
HA2	-0.0009410913801820195	0.19275486363018193	-0.06567006803798596	-0.044187597943182756	0.08243632626169203	-0.06406272909089865	-0.018369233235836745	-0.003246913502388557	0.04618557400951628	-0.09625955090799165	-0.034127539454870265	0.0486414291980396	-0.04179880556528938	-0.03981180072489915	-0.01886375228859753	-0.032145499616640615	-0.0020190686814410205	-0.002965720131801223	-0.01525460781528526	0.017007445697625658	0.015986990554791476	0.017910029989699924	-0.04998773669944413	-0.0
HA7	0.18862925332761554	0.0985479153615818	-0.12530623034955735	0.05729042082090229	0.05217701537025029	0.0143231204421144	0.08371709058060971	0.045624804976699684	-0.15232353568647894	-0.017673302106992635	-0.0961318078765462	-0.0539291251620066	-0.014754973847489526	0.00029571286732191324	0.023383402104378906	-0.08001631812084684	-0.04281516648821314	-0.016405880570104645	0.004397524173010306	-0.00907235254217845	-0.0035457937828640568	0.01717420338418785	0.01757670569256504	-0.0

Biplot	0	0

Site constraints	0	0
